1.0,1.0,1.0,1.0,1.0,1.0,1.0,1.0,1.0,1.0
COV:0.0,0.0,0.0,0.0,0.0
POP:nan,nan,nan,nan,nan
TrainTime:27406.358533859253
TestTime:24.587242460250856
############################################
1.0,1.0,1.0,1.0,1.0,1.0,1.0,1.0,1.0,1.0
COV:0.0,0.0,0.0,0.0,0.0
POP:nan,nan,nan,nan,nan
TrainTime:27121.450296401978
TestTime:24.584582328796387
############################################
1.0,1.0,1.0,1.0,1.0,1.0,1.0,1.0,1.0,1.0
COV:0.0,0.0,0.0,0.0,0.0
POP:nan,nan,nan,nan,nan
TrainTime:27315.908744573593
TestTime:24.35868411064148
############################################
1.0,1.0,1.0,1.0,1.0,1.0,1.0,1.0,1.0,1.0
COV:0.0,0.0,0.0,0.0,0.0
POP:nan,nan,nan,nan,nan
TrainTime:27179.10938858986
TestTime:24.467356061935426
############################################
1.0,1.0,1.0,1.0,1.0,1.0,1.0,1.0,1.0,1.0
COV:0.0,0.0,0.0,0.0,0.0
POP:nan,nan,nan,nan,nan
TrainTime:27248.963608264923
TestTime:24.461892938613893
############################################
1.0,1.0,1.0,1.0,1.0,1.0,1.0,1.0,1.0,1.0
COV:0.0,0.0,0.0,0.0,0.0
POP:nan,nan,nan,nan,nan
TrainTime:27220.885224103928
TestTime:24.72969522476196
############################################
1.0,1.0,1.0,1.0,1.0,1.0,1.0,1.0,1.0,1.0
COV:0.0,0.0,0.0,0.0,0.0
POP:nan,nan,nan,nan,nan
TrainTime:26976.00631737709
TestTime:24.51314220428467
############################################
