0.03834226106568932,0.07668452213137864,0.10064843529743445,0.12940513109670143,0.16774739216239076,0.03834226106568932,0.0548350718917395,0.060346772780309504,0.06413826137184593,0.0667865797268158
COV:0.1471951017706437,0.30373986430580835,0.4076617574052623,0.5685917590600695,0.7173589276849247
POP:0.13218104140009976,0.12936175749821083,0.12537789247684936,0.11927848018910889,0.11149508793997093
TrainTime:1442.215116262436
TestTime:5.481070709228516
############################################
0.03721454750493375,0.07978573442345645,0.1093882153932901,0.15449675782351283,0.1981956583027911,0.03721454750493375,0.0557278465612996,0.06246593336605979,0.06843487309643273,0.07138848768545603
COV:0.14620221744166806,0.3021677974515969,0.40948204534171767,0.5772794969386067,0.7361409895747145
POP:0.14012925332350198,0.1314183889599734,0.1290624796686257,0.12193619743662033,0.11351955064951963
TrainTime:1464.6658554077148
TestTime:5.371384239196777
############################################
0.035522977163800394,0.07555680857062307,0.09641950944460106,0.12827741753594588,0.16802932055257966,0.035522977163800394,0.052438680575133914,0.05723146320834508,0.06154787651343785,0.06437557490402321
COV:0.14976005295383088,0.31532351481052456,0.42338242594737713,0.585553533013404,0.7353135859672348
POP:0.13198586020689207,0.1280316338111658,0.12390752748801805,0.118092212270391,0.11142406367244259
TrainTime:1532.3209290504456
TestTime:5.325132942199707
############################################
0.03213983648153369,0.07837609247251198,0.10177614885819002,0.1336340569495348,0.16859317733295742,0.03213983648153369,0.05239169107614049,0.057649658134294825,0.061809108530866755,0.06414148778622339
COV:0.14736058249213965,0.3058911136852557,0.41080589111368526,0.5750455071984114,0.73183849081582
POP:0.1312918826310425,0.12463764972927646,0.12151764221118605,0.11373316562208584,0.10653856997245777
TrainTime:1455.3286108970642
TestTime:6.022032690048218
############################################
0.042289258528333803,0.08034959120383423,0.0986749365661122,0.12602199041443474,0.1556244713842684,0.042289258528333803,0.0585001409641951,0.06271496953714187,0.06638653015532492,0.06840683770643545
COV:0.14868442826410724,0.31979149429091513,0.42917425119973523,0.5962270395498924,0.7442495449280159
POP:0.13004489167443778,0.12210752315065819,0.11881112966537269,0.11136388280453688,0.10414163648587106
TrainTime:1451.7909798622131
TestTime:5.485162687301636
############################################
0.03834226106568932,0.07245559627854525,0.10205807724837891,0.13617141246123485,0.17479560191711305,0.03834226106568932,0.053190491049599574,0.05992857785435976,0.06461127522901175,0.06721848906481269
COV:0.149346351150091,0.310938275690882,0.41411550554360416,0.5801754095647857,0.7330795962270396
POP:0.12909067250764458,0.12440632387065993,0.12092992995163844,0.11489666240159614,0.10692134197913729
TrainTime:1485.893590927124
TestTime:5.922843074798584
############################################
0.03580490555398929,0.07837609247251198,0.10713278827177897,0.14180998026501268,0.1869185226952354,0.03580490555398929,0.05394229722217939,0.06052532685384436,0.06505698931865837,0.06809563498312834
COV:0.1538970709912295,0.3183849081581996,0.42842958795300345,0.5879530034750952,0.7355618070494787
POP:0.1306412786536835,0.12371596076135123,0.11955715555941099,0.1128797900717833,0.1059232070438724
TrainTime:1468.3357739448547
TestTime:5.5205975532531735
############################################
0.03495912038342261,0.06935438398646744,0.08880744290950099,0.11220749929517902,0.14350155060614603,0.03495912038342261,0.049948314562427314,0.054346394868242526,0.05752782442551584,0.059670658289025055
COV:0.1502564951183187,0.31979149429091513,0.43033261625020686,0.5917590600695019,0.7372993546251861
POP:0.12911235930688988,0.12069426673317286,0.11628028019344624,0.10936761293400707,0.10197024571143545
TrainTime:1465.357433795929
TestTime:5.493355083465576
############################################
0.03721454750493375,0.07160981110797858,0.09388215393290104,0.12263884973216803,0.15449675782351283,0.03721454750493375,0.05187482379475613,0.05689315000049558,0.06076004204697632,0.06301167490517956
COV:0.152407744497766,0.3271553863974847,0.43645540294555685,0.6033427105742181,0.7456561310607315
POP:0.1267376547895296,0.12022077161631714,0.1164364251480124,0.1090325518856672,0.10202825789941664
TrainTime:1482.761901140213
TestTime:6.107414674758911
############################################
0.033267550042289255,0.0673808852551452,0.09444601071327882,0.12912320270651254,0.15590639977445728,0.033267550042289255,0.04835071891739498,0.05448266140400338,0.05893288056615846,0.06078376264547945
COV:0.15158034089028627,0.3173092834684759,0.42677478073804404,0.5858844944563958,0.7370511335429423
POP:0.1254689770336796,0.12086776112713524,0.1179783565743532,0.11183882370800893,0.10515332567066427
TrainTime:1444.4862711429596
TestTime:5.361265420913696
############################################
0.034395263603044825,0.07499295179024527,0.09811107978573443,0.13137862982802367,0.17169438962503525,0.034395263603044825,0.052156752184945025,0.057471104060759975,0.06184401403254511,0.06459127145987145
COV:0.15058745656131062,0.32392851232831377,0.432897567433394,0.5990402118153235,0.744001323845772
POP:0.12973043308538093,0.12399788915154011,0.11968510767495825,0.1129697902886513,0.10527639825638134
TrainTime:1430.0746879577637
TestTime:5.281739044189453
############################################
0.0389061178460671,0.08373273188610093,0.10882435861291231,0.1482943332393572,0.1908655201578799,0.0389061178460671,0.058688094658282966,0.06445352937726864,0.06964705418559038,0.07258985813550624
COV:0.15207678305477412,0.31772298527221576,0.4295052126427271,0.5925864636769816,0.7492139665728943
POP:0.1286786233219839,0.12142077450789038,0.11900631085858038,0.11190063108585804,0.10540651905185314
TrainTime:1428.149923324585
TestTime:5.28798623085022
############################################
0.039751903016633776,0.07922187764307866,0.10713278827177897,0.14209190865520158,0.17902452776994643,0.039751903016633776,0.056573631731866275,0.06279014929402267,0.06739844985501613,0.0699209165398356
COV:0.15067019692205857,0.3131722654310773,0.4223895416184015,0.5898560317722985,0.7445805063710078
POP:0.12955693869141854,0.12214366781606702,0.12027281993450586,0.11458437249246384,0.10692296848908069
TrainTime:1431.8273763656616
TestTime:5.267877531051636
############################################
0.03608683394417818,0.07696645052156752,0.10318579080913448,0.1347617705102904,0.1731040315759797,0.03608683394417818,0.053190491049599574,0.05913917750145369,0.06335960282787391,0.0660402154398193
COV:0.15116663908654643,0.31904683104418335,0.4265265596558001,0.5925037233162337,0.7380440178719179
POP:0.1310099542408536,0.1259858457490259,0.12324174275118736,0.11733968033657913,0.10945707098089394
TrainTime:1428.385579586029
TestTime:5.305303716659546
############################################
0.033267550042289255,0.07753030730194531,0.10234000563856781,0.14434733577671272,0.18861009303636878,0.033267550042289255,0.05196879849085715,0.0575791760367476,0.06309591013174645,0.06619732891434443
COV:0.14909813006784708,0.3159026973357604,0.4253681946053285,0.5935793480059574,0.7453251696177395
POP:0.13310273036802497,0.12571114629191876,0.12183643816009196,0.11519919325106807,0.10783489839734553
TrainTime:1433.098908662796
TestTime:5.300114345550537
############################################
0.03495912038342261,0.06794474203552298,0.08739780095855652,0.11389906963631238,0.14716661967860165,0.03495912038342261,0.04919650408796166,0.05365097351332332,0.057153487225670464,0.05946419788206803
COV:0.14959457223233494,0.3197087539301671,0.4276021843455238,0.591510838987258,0.7320867118980638
POP:0.12977380668387153,0.12387138282260922,0.12091474919216673,0.11555919411854004,0.10912526295244085
TrainTime:1426.2804312705994
TestTime:5.265443754196167
############################################
0.03749647589512264,0.08288694671553426,0.10854243022272343,0.14406540738652382,0.18550888074429095,0.03749647589512264,0.05723146320834508,0.06319424694008581,0.06800616005961244,0.07085408161551575
COV:0.14926361078934305,0.3125930829058415,0.4168459374482873,0.5858844944563958,0.7387886811186497
POP:0.13183405261217496,0.12752922296198305,0.1223243911431112,0.11602437596235173,0.10851315304374227
TrainTime:1432.916339635849
TestTime:5.288373517990112
############################################
0.032985621652100366,0.07555680857062307,0.09613758105441218,0.12996898787707922,0.16549196504087962,0.032985621652100366,0.051310967014378345,0.056005072990269064,0.06050228165141757,0.06290790051314271
COV:0.14669865960615588,0.3087042859506867,0.4127916597716366,0.5755419493628993,0.7320039715373159
POP:0.1360087614668951,0.1277569343540587,0.1250634338877925,0.11730172843789985,0.10935948038429008
TrainTime:1431.4538447856903
TestTime:5.3106988906860355
############################################
0.03777840428531153,0.08204116154496757,0.10713278827177897,0.14180998026501268,0.18804623625599098,0.03777840428531153,0.05662061692897387,0.062357861390072156,0.06695497274600455,0.07015918509066861
COV:0.14810524573887143,0.3063048154889955,0.41337084229687243,0.5738044017871918,0.7251365215952341
POP:0.1341328533321767,0.1268063296538064,0.12350849038190453,0.11754678926937173,0.11111936414304613
TrainTime:1426.949143409729
TestTime:5.2778555393219
############################################
0.03608683394417818,0.07865802086270088,0.10234000563856781,0.13560755568085706,0.17761488581900198,0.03608683394417818,0.054459168805449584,0.05992857785435976,0.06427575824695606,0.06715646017293443
COV:0.1514976005295383,0.3207843786198908,0.4261128578520602,0.5901869932152904,0.7390369022008936
POP:0.131617184619722,0.1262460873399695,0.1243325887532259,0.11791980221639088,0.10915887749127107
TrainTime:1435.50861287117
TestTime:5.313282775878906
############################################
0.03580490555398929,0.07837609247251198,0.10318579080913448,0.14603890611784606,0.18635466591485764,0.03580490555398929,0.05408326141727384,0.05967954168327768,0.06542058901145555,0.06823733049881502
COV:0.14851894754261127,0.31102101605162996,0.4164322356445474,0.5775277180208506,0.7343207016382591
POP:0.13039188046236255,0.12717500524097647,0.12311812799548914,0.11714775216325822,0.10980243325887533
TrainTime:1430.7452564239502
TestTime:5.300400876998902
############################################
0.033267550042289255,0.07076402593741189,0.09021708486044544,0.12010149422046801,0.15590639977445728,0.033267550042289255,0.04910252939186064,0.05344422488001524,0.05740375373610181,0.059908849405913005
COV:0.15174582161178224,0.3267416845937448,0.4333940095978818,0.5985437696508357,0.7458216117822274
POP:0.1263472924031142,0.11906414232323452,0.11532389234672855,0.10864761119906313,0.10084198998069874
TrainTime:1437.534607887268
TestTime:5.3285973072052
############################################
0.03608683394417818,0.07048209754722301,0.09444601071327882,0.1274316323653792,0.16380039469974628,0.03608683394417818,0.05112301332029048,0.05660652395097309,0.06089362420597512,0.06339042583989331
COV:0.1503392354790667,0.31515803408902865,0.42379612775111697,0.5894423299685586,0.7396988250868773
POP:0.13316779076576088,0.12426535967556548,0.12161957016763895,0.11515256663269069,0.1073870659929301
TrainTime:1435.4919950962067
TestTime:5.301422357559204
############################################
0.035241048773611505,0.06935438398646744,0.08908937129968988,0.11840992387933465,0.1474485480687905,0.035241048773611505,0.050042289258528334,0.054510855963776604,0.05842339532086975,0.06039161133638462
COV:0.1500082740360748,0.314082409399305,0.42023829223895415,0.582492139665729,0.7333278173092834
POP:0.132452126390666,0.12685693218537877,0.12252390969616794,0.11624666565461603,0.10840851423738371
TrainTime:1434.0933511257172
TestTime:5.304739952087402
############################################
0.03073019453058923,0.07104595432760079,0.08852551451931209,0.11530871158725683,0.13983648153369044,0.03073019453058923,0.048444693613496,0.0524057883560271,0.056047924075087664,0.05779181825365185
COV:0.15009101439682276,0.32425947377130565,0.43604170114181695,0.6056594406751613,0.7485520436869105
POP:0.12658584719481253,0.12168463056537486,0.11854004467480644,0.11276159701589641,0.1048936262497018
TrainTime:1438.5362303256989
TestTime:5.283060932159424
############################################
0.03580490555398929,0.06879052720608965,0.0882435861291232,0.11925570904990132,0.1491401184099239,0.03580490555398929,0.05018325345362278,0.05477868707407889,0.058924599435922966,0.060985809317568106
COV:0.14810524573887143,0.31383418831706106,0.41816978322025483,0.585553533013404,0.7349826245242429
POP:0.1273231983691527,0.12326776691028171,0.1192969139684674,0.11329292359740627,0.10736483702370368
TrainTime:1432.482183933258
TestTime:5.272940158843994
############################################
0.03946997462644488,0.07048209754722301,0.08880744290950099,0.1164364251480124,0.1446292641669016,0.03946997462644488,0.05309651205161272,0.0572408628288981,0.06086062013783655,0.06281439902448371
COV:0.1500082740360748,0.3234320701638259,0.4316564620221744,0.603590931656462,0.7416845937448288
POP:0.1260328338140574,0.12284125985845748,0.11996053002537356,0.11373208128212357,0.10653206393268418
TrainTime:1433.8951399326324
TestTime:5.284144115447998
############################################
0.036650690724555963,0.08063151959402312,0.11220749929517902,0.15449675782351283,0.2015787989850578,0.036650690724555963,0.055586882366205154,0.0628606313915699,0.06849740961083971,0.07177286548684407
COV:0.155551878206189,0.32698990567598873,0.4417507860334271,0.6053284792321695,0.7502895912626178
POP:0.1303810370627399,0.12350270723543912,0.11973281863329792,0.11331461039665157,0.1067126065364013
TrainTime:4299.198054790497
TestTime:5.287774658203125
############################################
0.04031575979701156,0.08063151959402312,0.1060050747110234,0.1449111925570905,0.1835353820129687,0.04031575979701156,0.05760736629463499,0.06341509285328051,0.06836506209307601,0.07099375954674506
COV:0.14777428429587952,0.31052457388714216,0.4170114181697832,0.585222571570412,0.7383749793149098
POP:0.132235258398213,0.12517259077732718,0.12204246275292228,0.11523063910997376,0.1078224284877795
TrainTime:4292.788591861725
TestTime:5.27892689704895
############################################
0.03270369326191148,0.0882435861291232,0.12094727939103468,0.16549196504087962,0.21482943332393573,0.03270369326191148,0.05727845270733851,0.06476364802534493,0.07075977567420531,0.0741657851815795
COV:0.15265596558000993,0.32698990567598873,0.4380274697997683,0.6012742015555188,0.7493794472943902
POP:0.13364490034915746,0.12735572856802066,0.12346945414326299,0.11794148901563618,0.11053110971351739
TrainTime:4287.54957485199
TestTime:5.287671709060669
############################################
0.03693261911474485,0.07696645052156752,0.10318579080913448,0.1474485480687905,0.19368480405976882,0.03693261911474485,0.054177240415260695,0.060013157231793596,0.06565575160071452,0.06889537706958565
COV:0.15290418666225386,0.32905841469468805,0.4362899222240609,0.5982128082078438,0.7501241105411219
POP:0.12825573073670057,0.12204246275292228,0.11839691179978747,0.11212508945804688,0.10499013250634338
TrainTime:4500.536107778549
TestTime:5.457859325408935
############################################
0.03693261911474485,0.08232308993515647,0.10769664505215676,0.14688469128841275,0.19340287566957992,0.03693261911474485,0.05647965273387942,0.06225918473275171,0.06743335535669448,0.07067255924075364
COV:0.14686414032765183,0.31118649677312593,0.4149429091510839,0.576038391527387,0.7348998841634949
POP:0.13021838606840017,0.12657861826173075,0.12286656112424367,0.11706859534601288,0.11046062761597016
TrainTime:4427.960018634796
TestTime:5.39739465713501
############################################
0.036650690724555963,0.07668452213137864,0.09670143783478996,0.13701719763180153,0.1843811671835354,0.036650690724555963,0.05361338363488291,0.05820881295345318,0.06342348153066192,0.06659421229785954
COV:0.14520933311269238,0.3125930829058415,0.42214132053615755,0.5896905510508026,0.7342379612775112
POP:0.13636659365444254,0.12873284032009716,0.12407451584220684,0.11676606449654095,0.10913719069202577
TrainTime:4468.424664974213
TestTime:5.71200795173645
############################################
0.035522977163800394,0.07893994925288976,0.10205807724837891,0.14378347899633492,0.18494502396391316,0.035522977163800394,0.05460013300054403,0.05988629031658576,0.06534697514101925,0.06814194908604543
COV:0.1548899553202052,0.3326162502068509,0.4506867449942082,0.6231176567929836,0.7660930001654808
POP:0.1329942963717985,0.12353523743430707,0.118689683589599,0.11155147361800871,0.10366561124243673
TrainTime:4519.05020403862
TestTime:5.326390600204467
############################################
0.03580490555398929,0.08598815900761207,0.11023400056385678,0.15421482943332393,0.20214265576543558,0.03580490555398929,0.05676158112406832,0.06221689719497771,0.06808749581512547,0.07138993311909712
COV:0.15439351315571737,0.3240939930498097,0.43645540294555685,0.6013569419162668,0.7492139665728943
POP:0.1321701980004771,0.12664367865946666,0.12164993168658238,0.11593871310533278,0.108340200819761
TrainTime:4720.00502538681
TestTime:5.679896497726441
############################################
0.03383140682266704,0.07696645052156752,0.10036650690724556,0.1344798421201015,0.17535945869749084,0.03383140682266704,0.05201578798985058,0.05744290950098675,0.06203263451893766,0.06490595010693456
COV:0.14702962104914777,0.30936620883667054,0.4101439682277015,0.5692536819460533,0.7235644547410227
POP:0.13475092711066775,0.13045694086009846,0.12637114788228404,0.12041703714948711,0.1128781635618399
TrainTime:4757.114751577377
TestTime:5.691313791275024
############################################
0.03777840428531153,0.08063151959402312,0.10854243022272343,0.15026783197067944,0.20270651254581337,0.03777840428531153,0.05652664223287285,0.0628559337322363,0.06855435797554492,0.07217628343494502
COV:0.15199404269402614,0.3264107231507529,0.4430746318053947,0.6174085719013734,0.7604666556346186
POP:0.12873284032009716,0.12487620452097474,0.12042462752922296,0.11421352822536922,0.10791134436468522
TrainTime:14404.842057704926
TestTime:5.816329383850098
############################################
0.03495912038342261,0.07893994925288976,0.10826050183253454,0.15703411333521286,0.20524386805751338,0.03495912038342261,0.05347241943978846,0.06015412142688804,0.06665961817011956,0.07005647756631925
COV:0.14901538970709913,0.3235975508853219,0.4367036240278008,0.6032599702134701,0.7545093496607646
POP:0.12537138643707577,0.12194848662285934,0.11824944156491943,0.11167725705363145,0.10420344386372014
TrainTime:14361.525246143341
TestTime:5.752903699874878
############################################
