1.0,1.0,1.0,1.0,1.0,1.0,1.0,1.0,1.0,1.0
COV:0.0,0.0,0.0,0.0,0.0
POP:nan,nan,nan,nan,nan
TrainTime:28554.63075709343
TestTime:25.025955390930175
############################################
1.0,1.0,1.0,1.0,1.0,1.0,1.0,1.0,1.0,1.0
COV:0.0,0.0,0.0,0.0,0.0
POP:nan,nan,nan,nan,nan
TrainTime:28153.144015073776
TestTime:24.961600399017335
############################################
1.0,1.0,1.0,1.0,1.0,1.0,1.0,1.0,1.0,1.0
COV:0.0,0.0,0.0,0.0,0.0
POP:nan,nan,nan,nan,nan
TrainTime:28309.28460741043
TestTime:24.7732337474823
############################################
1.0,1.0,1.0,1.0,1.0,1.0,1.0,1.0,1.0,1.0
COV:0.0,0.0,0.0,0.0,0.0
POP:nan,nan,nan,nan,nan
TrainTime:28466.702302455902
TestTime:24.863576459884644
############################################
1.0,1.0,1.0,1.0,1.0,1.0,1.0,1.0,1.0,1.0
COV:0.0,0.0,0.0,0.0,0.0
POP:nan,nan,nan,nan,nan
TrainTime:27895.374174118042
TestTime:27.74495086669922
############################################
1.0,1.0,1.0,1.0,1.0,1.0,1.0,1.0,1.0,1.0
COV:0.0,0.0,0.0,0.0,0.0
POP:nan,nan,nan,nan,nan
TrainTime:28286.45200395584
TestTime:25.436111974716187
############################################
1.0,1.0,1.0,1.0,1.0,1.0,1.0,1.0,1.0,1.0
COV:0.0,0.0,0.0,0.0,0.0
POP:nan,nan,nan,nan,nan
TrainTime:28275.119266033173
TestTime:25.361659431457518
############################################
1.0,1.0,1.0,1.0,1.0,1.0,1.0,1.0,1.0,1.0
COV:0.0,0.0,0.0,0.0,0.0
POP:nan,nan,nan,nan,nan
TrainTime:27913.0032889843
TestTime:24.674816703796388
############################################
